EXPORTED CROSS SECTION DATA
69 48 48
x coordinate
Abs Net Doping
Composition X
Composition Y
Donor Conc
Acceptor Conc
Potential
e- Mobility
h+ Mobility
Electric Field
Electron Conc
Hole Conc
Cond. Current Density
Disp. Current Density
Electron QFL
Hole QFL
Valence Band Energy
Conduction Band Energy
Net Doping
Recombination Rate
E Field X
E Field Y
Lattice Temperature
e- Mobility X
e- Mobility Y
h+ Mobility X
h+ Mobility Y
Total Doping
h+ Current Density
e- Current Density
Current Flowlines
Total Current Density
Je- X
Jh+ X
Jtot X
Je- Y
Jh+ Y
Jtot Y
e- Mobility Z
h+ Mobility Z
e- SRH Tno
h+ SRH Tno
Cond Current X
Cond Current Y
Jtot Z
Je- Z
Jh+ Z
E Field Z
0.0000000000e+00 2.0000000000e+01 0.0000000000e+00 0.0000000000e+00 2.0000000000e+01 0.0000000000e+00 1.4637605960e+00 1.8012777643e+01 1.2467788989e+01 9.4721928523e+05 2.1315819173e+01 -1.6506268600e+00 7.2286309296e+06 0.0000000000e+00 -7.9972374625e-01 -7.6068437259e-01 -1.9909586772e+00 -9.1095867864e-01 2.0000000000e+01 -4.8038069767e+06 1.3645886256e+05 -8.9849867367e+05 3.0000000000e+02 4.0742491667e+01 2.8708256319e+01 2.3984017777e+01 1.6905121866e+01 2.0000000000e+01 1.5562126854e-14 7.2286309296e+06 4.1243063823e-01 7.2286309296e+06 1.8184225896e+06 4.3202717935e-15 1.8184225896e+06 -6.6486634192e+06 -1.4184658753e-14 -6.6486634192e+06 5.5703231941e+01 3.7345443428e+01 1.0000000000e-07 1.0000000000e-07 1.8184225896e+06 -6.6486634192e+06 6.9612659660e+00 6.9612659660e+00 8.0098262622e-21 -3.7826449468e+02 
1.8000000000e-04 2.0000000000e+01 0.0000000000e+00 0.0000000000e+00 2.0000000000e+01 0.0000000000e+00 1.4637482230e+00 1.8009003802e+01 1.2465214493e+01 9.4732752606e+05 2.1315821179e+01 -1.6520317343e+00 7.4041328328e+06 0.0000000000e+00 -7.9971125371e-01 -7.6058837235e-01 -1.9909463041e+00 -9.1094630578e-01 2.0000000000e+01 -4.8052839779e+06 1.3651315291e+05 -8.9858834112e+05 3.0000000000e+02 4.0740559326e+01 2.8699970239e+01 2.3982161087e+01 1.6899546605e+01 2.0000000000e+01 1.5559549126e-14 7.4041328328e+06 4.1195813611e-01 7.4041328328e+06 1.9202354821e+06 4.3190992376e-15 1.9202354821e+06 -6.7882692504e+06 -1.4182269151e-14 -6.7882692504e+06 5.5703065571e+01 3.7344327189e+01 1.0000000000e-07 1.0000000000e-07 1.9202354821e+06 -6.7882692504e+06 6.9616482698e+00 6.9616482698e+00 8.0088890117e-21 -3.7826449468e+02 
5.0000000000e-04 2.0000000000e+01 0.0000000000e+00 0.0000000000e+00 2.0000000000e+01 0.0000000000e+00 1.4637416828e+00 1.8002059829e+01 1.2460533259e+01 9.4756602064e+05 2.1315820138e+01 -1.6526626879e+00 7.7106541719e+06 0.0000000000e+00 -7.9970477544e-01 -7.6054427362e-01 -1.9909397645e+00 -9.1093976555e-01 2.0000000000e+01 -4.8060636478e+06 1.3654024725e+05 -8.9882624460e+05 3.0000000000e+02 4.0736430149e+01 2.8693026266e+01 2.3977815723e+01 1.6894865370e+01 2.0000000000e+01 1.5561602555e-14 7.7106541719e+06 4.1088524360e-01 7.7106541719e+06 1.9343727576e+06 4.3181700073e-15 1.9343727576e+06 -7.0930308490e+06 -1.4184521437e-14 -7.0930308490e+06 5.5700492418e+01 3.7341742185e+01 1.0000000000e-07 1.0000000000e-07 1.9343727576e+06 -7.0930308490e+06 6.9619562426e+00 6.9619562426e+00 8.0084348081e-21 -3.7826449468e+02 
6.8000000000e-04 2.0000000000e+01 0.0000000000e+00 0.0000000000e+00 2.0000000000e+01 0.0000000000e+00 1.4637022077e+00 1.7989766694e+01 1.2452110767e+01 9.4791421577e+05 2.1315822749e+01 -1.6569838532e+00 8.2608971930e+06 0.0000000000e+00 -7.9966514477e-01 -7.6024757448e-01 -1.9909002897e+00 -9.1090029027e-01 2.0000000000e+01 -4.8106071374e+06 1.3671386827e+05 -8.9911395086e+05 3.0000000000e+02 4.0730287511e+01 2.8666283703e+01 2.3971886086e+01 1.6876877810e+01 2.0000000000e+01 1.5551168591e-14 8.2608971930e+06 4.1259678269e-01 8.2608971930e+06 2.2531834609e+06 4.3144499171e-15 2.2531834609e+06 -7.5310581766e+06 -1.4174581381e-14 -7.5310581766e+06 5.5694631075e+01 3.7214043527e+01 1.0000000000e-07 1.0000000000e-07 2.2531834609e+06 -7.5310581766e+06 1.7889129140e+01 1.7889129140e+01 1.8331853078e-20 -9.2030664997e+02 
1.0000000000e-03 2.0000000000e+01 0.0000000000e+00 0.0000000000e+00 2.0000000000e+01 0.0000000000e+00 1.4636813871e+00 1.7967089943e+01 1.2435013042e+01 9.4867639421e+05 2.1315815625e+01 -1.6589291212e+00 9.2288488859e+06 0.0000000000e+00 -7.9964474825e-01 -7.6011095886e-01 -1.9908794695e+00 -9.1087946968e-01 2.0000000000e+01 -4.8130707442e+06 1.3679943970e+05 -8.9987362838e+05 3.0000000000e+02 4.0717147330e+01 2.8643606953e+01 2.3958008175e+01 1.6859780086e+01 2.0000000000e+01 1.5551789206e-14 9.2288488859e+06 4.1562562126e-01 9.2288488859e+06 2.2962824866e+06 4.3117503889e-15 2.2962824866e+06 -8.4937280749e+06 -1.4175579461e-14 -8.4937280749e+06 5.5678583896e+01 3.7110930110e+01 1.0000000000e-07 1.0000000000e-07 2.2962824866e+06 -8.4937280749e+06 2.2056822756e+01 2.2056822756e+01 2.4160884783e-20 -1.2059124894e+03 
1.1800000000e-03 2.0000000000e+01 0.0000000000e+00 0.0000000000e+00 2.0000000000e+01 0.0000000000e+00 1.4636066279e+00 1.7942221002e+01 1.2418118094e+01 9.4935095647e+05 2.1315798713e+01 -1.6664678620e+00 1.0228140765e+07 0.0000000000e+00 -7.9957099581e-01 -7.5958744433e-01 -1.9908047106e+00 -9.1080471068e-01 2.0000000000e+01 -4.8212103285e+06 1.3713399490e+05 -9.0043086019e+05 3.0000000000e+02 4.0705472639e+01 2.8590804463e+01 2.3946658087e+01 1.6824592570e+01 2.0000000000e+01 1.5534327401e-14 1.0228140765e+07 4.1729783562e-01 1.0228140765e+07 2.8733347045e+06 4.3050377086e-15 2.8733347045e+06 -9.2906914995e+06 -1.4159031852e-14 -9.2906914995e+06 5.5669168953e+01 3.6948224983e+01 1.0000000000e-07 1.0000000000e-07 2.8733347045e+06 -9.2906914995e+06 3.5843034989e+01 3.5843034989e+01 3.4740867397e-20 -1.9115938106e+03 
1.5000000000e-03 2.0000000000e+01 0.0000000000e+00 0.0000000000e+00 2.0000000000e+01 0.0000000000e+00 1.4635672116e+00 1.7896403355e+01 1.2385293190e+01 9.5080210239e+05 2.1315764309e+01 -1.6698662320e+00 1.2012553751e+07 0.0000000000e+00 -7.9953362755e-01 -7.5934573473e-01 -1.9907652934e+00 -9.1076529437e-01 2.0000000000e+01 -4.8259481168e+06 1.3729578095e+05 -9.0187665499e+05 3.0000000000e+02 4.0680485661e+01 2.8544986815e+01 2.3920150539e+01 1.6791767666e+01 2.0000000000e+01 1.5538021714e-14 1.2012553751e+07 4.2010339107e-01 1.2012553751e+07 2.9468246846e+06 4.3001983648e-15 2.9468246846e+06 -1.1066450752e+07 -1.4163532819e-14 -1.1066450752e+07 5.5643781325e+01 3.6816801904e+01 1.0000000000e-07 1.0000000000e-07 2.9468246846e+06 -1.1066450752e+07 4.0927960759e+01 4.0927960759e+01 4.0683311211e-20 -2.2835110213e+03 
1.6800000000e-03 2.0000000000e+01 0.0000000000e+00 0.0000000000e+00 2.0000000000e+01 0.0000000000e+00 1.4634380909e+00 1.7846188407e+01 1.2351753475e+01 9.5204401705e+05 2.1315636110e+01 -1.6811658261e+00 1.3591857285e+07 0.0000000000e+00 -7.9941213795e-01 -7.5854398854e-01 -1.9906361731e+00 -9.1063617365e-01 2.0000000000e+01 -4.8399058406e+06 1.3790924710e+05 -9.0290070599e+05 3.0000000000e+02 4.0659435655e+01 2.8443030387e+01 2.3899365270e+01 1.6725057540e+01 2.0000000000e+01 1.5509723477e-14 1.3591857285e+07 4.2188432323e-01 1.3591857285e+07 3.8538898118e+06 4.2882184102e-15 3.8538898118e+06 -1.2329791460e+07 -1.4137303154e-14 -1.2329791460e+07 5.5624320895e+01 3.6573459672e+01 1.0000000000e-07 1.0000000000e-07 3.8538898118e+06 -1.2329791460e+07 6.0283312060e+01 6.0283312060e+01 5.1714217203e-20 -3.3707413739e+03 
2.0000000000e-03 2.0000000000e+01 0.0000000000e+00 0.0000000000e+00 2.0000000000e+01 0.0000000000e+00 1.4633691840e+00 1.7753722050e+01 1.2287860533e+01 9.5459379379e+05 2.1315487723e+01 -1.6862498710e+00 1.6480131114e+07 0.0000000000e+00 -7.9935206389e-01 -7.5817244613e-01 -1.9905672662e+00 -9.1056726668e-01 2.0000000000e+01 -4.8492679719e+06 1.3820451833e+05 -9.0543881742e+05 3.0000000000e+02 4.0614603931e+01 2.8350564031e+01 2.3851482820e+01 1.6661164598e+01 2.0000000000e+01 1.5514732330e-14 1.6480131114e+07 4.2467249100e-01 1.6480131114e+07 3.9576450717e+06 4.2802883345e-15 3.9576450717e+06 -1.5206731439e+07 -1.4143753732e-14 -1.5206731439e+07 5.5579901289e+01 3.6375768700e+01 1.0000000000e-07 1.0000000000e-07 3.9576450717e+06 -1.5206731439e+07 6.7072011238e+01 6.7072011238e+01 5.7840940977e-20 -3.9605515372e+03 
2.1800000000e-03 2.0000000000e+01 0.0000000000e+00 0.0000000000e+00 2.0000000000e+01 0.0000000000e+00 1.4631372204e+00 1.7637607311e+01 1.2212385860e+01 9.5712802343e+05 2.1314842698e+01 -1.7021468989e+00 1.8830730095e+07 0.0000000000e+00 -7.9915849657e-01 -7.5699418748e-01 -1.9903353032e+00 -9.1033530315e-01 2.0000000000e+01 -4.8785831546e+06 1.3945843561e+05 -9.0751446156e+05 3.0000000000e+02 4.0571685151e+01 2.8125588525e+01 2.3808576471e+01 1.6518718585e+01 2.0000000000e+01 1.5476349095e-14 1.8830730095e+07 4.2667444840e-01 1.8830730095e+07 5.2980275883e+06 4.2619304531e-15 5.2980275883e+06 -1.7094717120e+07 -1.4109062649e-14 -1.7094717120e+07 5.5524844567e+01 3.5937293386e+01 1.0000000000e-07 1.0000000000e-07 5.2980275883e+06 -1.7094717120e+07 9.6228592643e+01 9.6228592643e+01 6.9594389341e-20 -6.0174068164e+03 
2.5000000000e-03 2.0000000000e+01 0.0000000000e+00 0.0000000000e+00 2.0000000000e+01 0.0000000000e+00 1.4630081380e+00 1.7423858918e+01 1.2070466851e+01 9.6189062462e+05 2.1314231420e+01 -1.7092215566e+00 2.3279024030e+07 0.0000000000e+00 -7.9906580153e-01 -7.5644397512e-01 -1.9902062217e+00 -9.1020622081e-01 2.0000000000e+01 -4.9020618098e+06 1.4009005071e+05 -9.1224373490e+05 3.0000000000e+02 4.0481720628e+01 2.7911840132e+01 2.3712795233e+01 1.6376799577e+01 2.0000000000e+01 1.5486720287e-14 2.3279024030e+07 4.2960077057e-01 2.3279024030e+07 5.4253958154e+06 4.2504526953e-15 5.4253958154e+06 -2.1530955832e+07 -1.4121834662e-14 -2.1530955832e+07 5.5428104187e+01 3.5575443127e+01 1.0000000000e-07 1.0000000000e-07 5.4253958154e+06 -2.1530955832e+07 1.0582392971e+02 1.0582392971e+02 7.6017974989e-20 -7.2209130319e+03 
2.6800000000e-03 2.0000000000e+01 0.0000000000e+00 0.0000000000e+00 2.0000000000e+01 0.0000000000e+00 1.4625213273e+00 1.7120707875e+01 1.1882719155e+01 9.6811243540e+05 2.1311290981e+01 -1.7306687952e+00 2.6650109145e+07 0.0000000000e+00 -7.9875402498e-01 -7.5468048449e-01 -1.9897194106e+00 -9.0971940997e-01 2.0000000000e+01 -4.9888179051e+06 1.4318049259e+05 -9.1725309607e+05 3.0000000000e+02 4.0371768576e+01 2.7322372383e+01 2.3607373060e+01 1.6026899613e+01 2.0000000000e+01 1.5469009676e-14 2.6650109145e+07 4.3192004357e-01 2.6650109145e+07 7.3300969297e+06 4.2383578705e-15 7.3300969297e+06 -2.4252049199e+07 -1.4105401839e-14 -2.4252049199e+07 5.5187083174e+01 3.4606903987e+01 1.0000000000e-07 1.0000000000e-07 7.3300969297e+06 -2.4252049199e+07 1.5192919704e+02 1.5192919704e+02 8.8859587439e-20 -1.2317850587e+04 
3.0000000000e-03 2.0000000000e+01 0.0000000000e+00 0.0000000000e+00 2.0000000000e+01 0.0000000000e+00 1.4622296349e+00 1.6562759544e+01 1.1532562190e+01 9.7868766766e+05 2.1308828244e+01 -1.7398873228e+00 3.3286518525e+07 0.0000000000e+00 -7.9860893071e-01 -7.5384004495e-01 -1.9894277170e+00 -9.0942771742e-01 2.0000000000e+01 -5.0656802316e+06 1.4490351793e+05 -9.2768066156e+05 3.0000000000e+02 4.0146272186e+01 2.6764424051e+01 2.3379708130e+01 1.5676742648e+01 2.0000000000e+01 1.5515096869e-14 3.3286518525e+07 4.3515557495e-01 3.3286518525e+07 7.4655410043e+06 4.2286277843e-15 7.4655410043e+06 -3.0878964635e+07 -1.4154609169e-14 -3.0878964635e+07 5.4865778116e+01 3.3813058892e+01 1.0000000000e-07 1.0000000000e-07 7.4655410043e+06 -3.0878964635e+07 1.6602556343e+02 1.6602556343e+02 9.5740206573e-20 -1.5570048830e+04 
3.1800000000e-03 2.0000000000e+01 0.0000000000e+00 0.0000000000e+00 2.0000000000e+01 0.0000000000e+00 1.4609156998e+00 1.5836619785e+01 1.1119005725e+01 9.9688198240e+05 2.1296096262e+01 -1.7666606813e+00 3.8247967207e+07 0.0000000000e+00 -7.9805288658e-01 -7.5093238438e-01 -1.9881137812e+00 -9.0811378245e-01 2.0000000000e+01 -5.4024999829e+06 1.5374673949e+05 -9.4166242495e+05 3.0000000000e+02 3.9804444932e+01 2.5137436924e+01 2.3102781290e+01 1.4830645348e+01 2.0000000000e+01 1.5642986096e-14 3.8247967207e+07 4.3786546934e-01 3.8247967207e+07 1.0252605893e+07 4.2939995201e-15 1.0252605893e+07 -3.4909453935e+07 -1.4255999177e-14 -3.4909453935e+07 5.3303625446e+01 3.1485928343e+01 1.0000000000e-07 1.0000000000e-07 1.0252605893e+07 -3.4909453935e+07 2.4166924032e+02 2.4166924032e+02 1.0979869831e-19 -3.2112577974e+04 
3.5000000000e-03 2.0000000000e+01 0.0000000000e+00 0.0000000000e+00 2.0000000000e+01 0.0000000000e+00 1.4600835310e+00 1.4500296598e+01 1.0350404462e+01 1.0265639479e+06 2.1286660236e+01 -1.7771631400e+00 4.7696280664e+07 0.0000000000e+00 -7.9778241173e-01 -7.4947504063e-01 -1.9872816135e+00 -9.0728161369e-01 2.0000000000e+01 -5.7013346396e+06 1.5925505197e+05 -9.7031688860e+05 3.0000000000e+02 3.9109167015e+01 2.3801113737e+01 2.2502912426e+01 1.4062044085e+01 2.0000000000e+01 1.5811619980e-14 4.7696280664e+07 4.4164932864e-01 4.7696280664e+07 1.0477252109e+07 4.3153772711e-15 1.0477252109e+07 -4.4336668040e+07 -1.4423338252e-14 -4.4336668040e+07 5.1697270058e+01 2.9736770310e+01 1.0000000000e-07 1.0000000000e-07 1.0477252109e+07 -4.4336668040e+07 2.6303389303e+02 2.6303389303e+02 1.1709382516e-19 -4.2922178138e+04 
3.6800000000e-03 2.0000000000e+01 0.0000000000e+00 0.0000000000e+00 2.0000000000e+01 0.0000000000e+00 1.4556626385e+00 1.3390750324e+01 9.7169598888e+00 1.0860266798e+06 2.1239845422e+01 -1.8036274413e+00 5.6881198394e+07 0.0000000000e+00 -7.9614824291e-01 -7.4347881980e-01 -1.9828607203e+00 -9.0286072111e-01 2.0000000000e+01 -7.1526438471e+06 1.8472265749e+05 -1.0095967830e+06 3.0000000000e+02 3.8125362201e+01 2.0289544513e+01 2.1884605560e+01 1.2485475137e+01 2.0000000000e+01 1.6276616479e-14 5.6881198394e+07 4.4481515670e-01 5.6881198394e+07 1.6120860341e+07 4.6174162934e-15 1.6120860341e+07 -5.1601147662e+07 -1.4768934272e-14 -5.1601147662e+07 4.4550810267e+01 2.5391590320e+01 1.0000000000e-07 1.0000000000e-07 1.6120860341e+07 -5.1601147662e+07 3.8790474841e+02 3.8790474841e+02 1.2976266704e-19 -1.0506122821e+05 
4.0000000000e-03 2.0000000000e+01 0.0000000000e+00 0.0000000000e+00 2.0000000000e+01 0.0000000000e+00 1.4529555915e+00 1.1348978354e+01 8.5400718564e+00 1.1858514105e+06 2.1211070207e+01 -1.8118405488e+00 7.0300382770e+07 0.0000000000e+00 -7.9515408495e-01 -7.4028287490e-01 -1.9801536729e+00 -9.0015367422e-01 2.0000000000e+01 -8.3682617462e+06 2.0148045574e+05 -1.1009830391e+06 3.0000000000e+02 3.6034594241e+01 1.8247772543e+01 2.0405590117e+01 1.1308587104e+01 2.0000000000e+01 1.6644112987e-14 7.0300382770e+07 4.4945737110e-01 7.0300382770e+07 1.7195287549e+07 4.7329303322e-15 1.7195287549e+07 -6.4810149410e+07 -1.5113903420e-14 -6.4810149410e+07 3.9806509809e+01 2.2416498401e+01 1.0000000000e-07 1.0000000000e-07 1.7195287549e+07 -6.4810149410e+07 4.2053015973e+02 4.2053015973e+02 1.3586187095e-19 -1.4255879362e+05 
4.1800000000e-03 2.0000000000e+01 0.0000000000e+00 0.0000000000e+00 2.0000000000e+01 0.0000000000e+00 1.4379993643e+00 9.7462808256e+00 7.5648252293e+00 1.3835981402e+06 2.1129234135e+01 -1.8229590941e+00 8.7043149250e+07 0.0000000000e+00 -7.8506927609e-01 -7.2466479925e-01 -1.9651974468e+00 -8.8519744687e-01 2.0000000000e+01 -1.1942840665e+07 2.6281303840e+05 -1.1934540334e+06 3.0000000000e+02 3.4511257224e+01 1.4573074604e+01 1.9473753714e+01 9.4957894653e+00 2.0000000000e+01 1.7208149368e-14 8.7043149250e+07 4.5275609290e-01 8.7043149250e+07 2.8605241397e+07 5.1706308529e-15 2.8605241397e+07 -7.7152371498e+07 -1.5487288811e-14 -7.7152371498e+07 3.1902434722e+01 1.8317050534e+01 1.0000000000e-07 1.0000000000e-07 2.8605241397e+07 -7.7152371498e+07 5.8886973445e+02 5.8886973445e+02 1.3559191603e-19 -3.5326563912e+05 
4.5000000000e-03 2.0000000000e+01 0.0000000000e+00 0.0000000000e+00 2.0000000000e+01 0.0000000000e+00 1.4300925400e+00 6.7969718702e+00 5.7557333689e+00 1.7072617196e+06 2.1099710842e+01 -1.8240109254e+00 1.1166167759e+08 0.0000000000e+00 -7.7891987129e-01 -7.1669536305e-01 -1.9572906229e+00 -8.7729062246e-01 2.0000000000e+01 -1.3912597330e+07 2.9558573161e+05 -1.4737193784e+06 3.0000000000e+02 3.0225681393e+01 1.2627110349e+01 1.6378714439e+01 8.1196368662e+00 2.0000000000e+01 1.7656081139e-14 1.1166167759e+08 4.5856755725e-01 1.1166167759e+08 3.1029502748e+07 5.3295938206e-15 3.1029502748e+07 -1.0113650378e+08 -1.5895996934e-14 -1.0113650378e+08 2.6260738432e+01 1.4362649466e+01 1.0000000000e-07 1.0000000000e-07 3.1029502748e+07 -1.0113650378e+08 6.4438070041e+02 6.4438070041e+02 1.3609757089e-19 -4.5726131489e+05 
4.6800000000e-03 2.0000000000e+01 0.0000000000e+00 0.0000000000e+00 2.0000000000e+01 0.0000000000e+00 1.3919171899e+00 5.7751547916e+00 4.9479162201e+00 2.1842610227e+06 2.1115658521e+01 -1.8297675382e+00 1.3118436489e+08 0.0000000000e+00 -7.3979521128e-01 -6.7817734184e-01 -1.9191152727e+00 -8.3911527249e-01 2.0000000000e+01 -1.2893214057e+07 4.0587036450e+05 -1.6425828498e+06 3.0000000000e+02 2.9134762377e+01 1.0971757705e+01 1.5490307985e+01 6.7539839642e+00 2.0000000000e+01 1.7034600385e-14 1.3118436489e+08 4.6081769938e-01 1.3118436489e+08 4.4426980015e+07 4.9656854461e-15 4.4426980015e+07 -1.1515270841e+08 -1.5379689502e-14 -1.1515270841e+08 2.3667216184e+01 1.2549629108e+01 1.0000000000e-07 1.0000000000e-07 4.4426980015e+07 -1.1515270841e+08 7.4757918084e+02 7.4757918084e+02 1.0862650174e-19 -9.2164458305e+05 
5.0000000000e-03 2.0000000000e+01 0.0000000000e+00 0.0000000000e+00 2.0000000000e+01 0.0000000000e+00 1.3750891163e+00 3.8944223586e+00 3.4472125311e+00 2.9360020366e+06 2.1135418286e+01 -1.8322766186e+00 1.6342042428e+08 0.0000000000e+00 -7.2179090719e-01 -6.6119991128e-01 -1.9022871983e+00 -8.2228719894e-01 2.0000000000e+01 -1.1478110122e+07 4.2540946504e+05 -2.3048715294e+06 3.0000000000e+02 2.2068713240e+01 9.5375052767e+00 1.0559526045e+01 5.4450820483e+00 2.0000000000e+01 1.6966503087e-14 1.6342042428e+08 4.7939851359e-01 1.6342042428e+08 4.7029574594e+07 4.7874835867e-15 4.7029574594e+07 -1.4680331077e+08 -1.5354012450e-14 -1.4680331077e+08 1.6715173056e+01 8.1783180184e+00 1.0000000000e-07 1.0000000000e-07 4.7029574594e+07 -1.4680331077e+08 8.1910515782e+02 8.1910515782e+02 9.7977669716e-20 -1.1000693298e+06 
5.1800000000e-03 1.7000000000e+01 0.0000000000e+00 0.0000000000e+00 0.0000000000e+00 1.7000000000e+01 1.2991490953e+00 3.3554603313e+00 2.7864540201e+00 1.8700981880e+06 2.1189496645e+01 -1.8425567021e+00 1.6122168908e+08 0.0000000000e+00 -6.4263178820e-01 -5.8464795234e-01 -1.8263471791e+00 -7.4634717802e-01 1.7000000000e+01 -9.1673410818e+06 1.1269357575e+05 -1.6629186814e+05 3.0000000000e+02 2.4069393104e+01 1.2484007589e+01 1.0410256888e+01 5.6713958671e+00 1.7000000000e+01 1.2163037027e-14 1.6122168908e+08 5.0637482996e-01 1.6122168908e+08 4.4378514599e+07 1.8245035695e-15 4.4378514599e+07 -1.4567123902e+08 -1.1689382966e-14 -1.4567123902e+08 1.5872068386e+01 7.2831851456e+00 1.0000000000e-07 1.0000000000e-07 4.4378514599e+07 -1.4567123902e+08 4.2544899633e+03 4.2544899633e+03 3.5242572678e-19 -1.8553626275e+06 
5.5000000000e-03 1.7000000000e+01 0.0000000000e+00 0.0000000000e+00 0.0000000000e+00 1.7000000000e+01 1.0585461003e+00 1.8142503546e+00 1.2141473263e+00 6.3751397907e+06 2.0221173578e+01 -1.9025576232e+00 1.6121272960e+08 0.0000000000e+00 -4.5966971534e-01 -3.4047331001e-01 -1.5857441870e+00 -5.0574418274e-01 1.7000000000e+01 -1.2822404664e+07 1.8083890725e+05 -6.8084358611e+05 3.0000000000e+02 1.2325851308e+01 1.6856474914e+01 4.0716701663e+00 5.7924806673e+00 1.7000000000e+01 4.1581971872e-15 1.6121272960e+08 5.3604883759e-01 1.6121272960e+08 5.5526135253e+07 1.4562568620e-15 5.5526135253e+07 -1.4527222930e+08 -3.7540177954e-15 -1.4527222930e+08 1.8142503546e+00 1.2141473263e+00 1.0000000000e-07 1.0000000000e-07 5.5526135253e+07 -1.4527222930e+08 1.3927077095e+04 1.3927077095e+04 7.3288885324e-19 -6.3308598245e+06 
5.6800000000e-03 1.7000000000e+01 0.0000000000e+00 0.0000000000e+00 0.0000000000e+00 1.7000000000e+01 9.9222510594e-01 1.9440188359e+00 1.3679096878e+00 6.1702662221e+06 2.0265552763e+01 -1.9239516303e+00 1.2828664781e+08 0.0000000000e+00 -3.9070698181e-01 -2.7287880432e-01 -1.5194231923e+00 -4.3942318825e-01 1.7000000000e+01 -1.1464463535e+07 2.6019175328e+04 -4.5473339760e+05 3.0000000000e+02 1.5483258562e+01 2.2613468284e+01 5.0256731709e+00 7.4057699678e+00 1.7000000000e+01 4.3846844354e-15 1.2828664781e+08 5.6889510344e-01 1.2828664781e+08 2.7154790060e+06 -7.2555381689e-16 2.7154790060e+06 -7.7857350002e+07 -7.1648376044e-16 -7.7857350002e+07 1.9440188359e+00 1.3679096878e+00 1.0000000000e-07 1.0000000000e-07 2.7154790060e+06 -7.7857350002e+07 5.1064949299e+04 5.1064949299e+04 1.8110760607e-18 -6.1384799832e+06 
6.0000000000e-03 1.7000000000e+01 0.0000000000e+00 0.0000000000e+00 0.0000000000e+00 1.7000000000e+01 8.1404225234e-01 2.2423995383e+00 1.6568280430e+00 4.8986772225e+06 2.0156506978e+01 -1.7976587755e+00 8.3493557565e+07 0.0000000000e+00 -2.1901524646e-01 -1.0221372753e-01 -1.3412403354e+00 -2.6124033511e-01 1.7000000000e+01 -1.4795125481e+07 -8.9180400734e+04 2.6649338992e+05 3.0000000000e+02 1.9535323349e+01 3.0006007222e+01 6.2393386723e+00 9.4045301649e+00 1.7000000000e+01 5.7239016435e-15 8.3493557565e+07 6.5525863324e-01 8.3493557565e+07 -3.0748737298e+07 -2.0062778336e-15 -3.0748737298e+07 7.5779807773e+07 5.1576657615e-15 7.5779807773e+07 2.2423995383e+00 1.6568280430e+00 1.0000000000e-07 1.0000000000e-07 -3.0748737298e+07 7.5779807773e+07 1.0231327727e+05 1.0231327727e+05 3.5369754830e-18 -4.8900812872e+06 
6.1800000000e-03 1.7000000000e+01 0.0000000000e+00 0.0000000000e+00 0.0000000000e+00 1.7000000000e+01 7.7818703542e-01 3.0682904080e+00 2.5129968281e+00 4.2872682757e+06 2.0120904787e+01 -1.6822239545e+00 1.3519970742e+08 0.0000000000e+00 -1.8527930475e-01 -7.3229946223e-02 -1.3053851173e+00 -2.2538511814e-01 1.7000000000e+01 -1.5786412613e+07 -5.4365361793e+04 2.1893625301e+05 3.0000000000e+02 4.8575784090e+01 5.0816281750e+01 1.3987629845e+01 1.4657347029e+01 1.7000000000e+01 6.7389302825e-15 1.3519970742e+08 7.0628036834e-01 1.3519970742e+08 -5.8823812232e+07 -2.4740399412e-15 -5.8823812232e+07 1.1819471242e+08 6.0909623575e-15 1.1819471242e+08 3.0682904080e+00 2.5129968281e+00 1.0000000000e-07 1.0000000000e-07 -5.8823812232e+07 1.1819471242e+08 1.6947322134e+05 1.6947322134e+05 1.0946058018e-17 -4.2807658893e+06 
6.5000000000e-03 1.7000000000e+01 0.0000000000e+00 0.0000000000e+00 0.0000000000e+00 1.7000000000e+01 7.2753608602e-01 6.1549170135e+00 5.3081633442e+00 1.7308843431e+06 2.0191800491e+01 -1.4479768552e+00 2.5225430916e+08 0.0000000000e+00 -1.3040817955e-01 -3.6522916265e-02 -1.2547341698e+00 -1.7473416864e-01 1.7000000000e+01 -1.3170275312e+07 -1.5056252867e+04 4.5627367682e+04 3.0000000000e+02 1.4264141417e+02 1.0282488253e+02 3.7538584949e+01 2.8586909144e+01 1.7000000000e+01 7.7494177404e-15 2.5225430916e+08 8.1170468797e-01 2.5225430916e+08 -1.3339322496e+08 -3.6846959802e-15 -1.3339322496e+08 2.1006780162e+08 6.6547372023e-15 2.1006780162e+08 6.1549170135e+00 5.3081633442e+00 1.0000000000e-07 1.0000000000e-07 -1.3339322496e+08 2.1006780162e+08 4.0357357880e+05 4.0357357880e+05 2.9030509411e-17 -1.7301237287e+06 
6.6800000000e-03 1.7000000000e+01 0.0000000000e+00 0.0000000000e+00 0.0000000000e+00 1.7000000000e+01 7.1184357336e-01 8.4553707783e+00 7.3138042217e+00 1.3304674511e+06 2.0100184882e+01 -1.2678016398e+00 2.1290097012e+08 0.0000000000e+00 -1.2016922721e-01 -3.1555610786e-02 -1.2390416570e+00 -1.5904165608e-01 1.7000000000e+01 -1.7083358033e+07 1.6025081707e+04 3.8054509995e+01 3.0000000000e+02 1.3868494746e+02 1.5008565874e+02 4.0567610777e+01 3.9111814360e+01 1.7000000000e+01 5.3805787096e-15 2.1290097012e+08 8.2556000717e-01 2.1290097012e+08 -1.1197861673e+08 -1.6432667644e-15 -1.1197861673e+08 1.7811555512e+08 4.4229674793e-15 1.7811555512e+08 8.4553707783e+00 7.3138042217e+00 1.0000000000e-07 1.0000000000e-07 -1.1197861673e+08 1.7811555512e+08 3.1471255813e+05 3.1471255813e+05 2.2464008557e-17 -1.3268679403e+06 
7.0000000000e-03 1.7000000000e+01 0.0000000000e+00 0.0000000000e+00 0.0000000000e+00 1.7000000000e+01 6.9516998622e-01 1.8918903317e+01 1.5326173278e+01 6.7551680504e+05 2.0138743634e+01 -1.1058551078e+00 1.2318026197e+08 0.0000000000e+00 -1.0120037077e-01 -2.4522140411e-02 -1.2223680693e+00 -1.4236806879e-01 1.7000000000e+01 -1.6994631189e+07 3.8877272042e+04 -1.5232164183e+05 3.0000000000e+02 1.3995124001e+02 1.4088885559e+02 5.2928457097e+01 4.4272101000e+01 1.7000000000e+01 3.4134685002e-15 1.2318026197e+08 8.7789975209e-01 1.2318026197e+08 -6.9979248864e+07 1.0973485895e-15 -6.9979248864e+07 9.9544245395e+07 -1.6872020128e-15 9.9544245395e+07 1.8918903317e+01 1.5326173278e+01 1.0000000000e-07 1.0000000000e-07 -6.9979248864e+07 9.9544245395e+07 1.7607699280e+05 1.7607699280e+05 7.7902921176e-18 -6.4732176543e+05 
7.1800000000e-03 1.7000000000e+01 0.0000000000e+00 0.0000000000e+00 0.0000000000e+00 1.7000000000e+01 6.8743779733e-01 2.3142450176e+01 1.8639843310e+01 5.3361131395e+05 2.0094282785e+01 -9.9773194507e-01 9.4147706320e+07 0.0000000000e+00 -9.6114782292e-02 -2.3226149333e-02 -1.2146358813e+00 -1.3463588001e-01 1.7000000000e+01 -1.9757524313e+07 5.9268390273e+04 -1.8288437097e+05 3.0000000000e+02 1.3005396538e+02 1.2030875612e+02 5.1343480666e+01 4.5073288807e+01 1.7000000000e+01 5.0945850932e-15 9.4147706320e+07 8.6991242025e-01 9.4147706320e+07 -5.3799837930e+07 2.3999503292e-15 -5.3799837930e+07 7.5964852118e+07 -3.5225635429e-15 7.5964852118e+07 2.3142450176e+01 1.8639843310e+01 1.0000000000e-07 1.0000000000e-07 -5.3799837930e+07 7.5964852118e+07 1.6667253095e+05 1.6667253095e+05 7.1444879105e-18 -4.8811527864e+05 
7.5000000000e-03 1.7000000000e+01 0.0000000000e+00 0.0000000000e+00 0.0000000000e+00 1.7000000000e+01 6.8063772719e-01 2.6729113375e+01 2.1537045167e+01 4.4657582998e+05 2.0094551874e+01 -9.1948181821e-01 2.6567307370e+07 0.0000000000e+00 -8.9298694148e-02 -2.1084038499e-02 -1.2078358106e+00 -1.2783580996e-01 1.7000000000e+01 -2.0934326566e+07 7.2017875188e+04 -2.8036832870e+05 3.0000000000e+02 1.0160313734e+02 9.7617430341e+01 4.7610444153e+01 4.1149920844e+01 1.7000000000e+01 6.7627579743e-15 2.6567307370e+07 8.5498042680e-01 2.6567307370e+07 -1.1448798912e+07 3.3271148043e-15 -1.1448798912e+07 2.3610863825e+07 -5.6504234970e-15 2.3610863825e+07 5.0809447489e+01 3.1674096826e+01 1.0000000000e-07 1.0000000000e-07 -1.1448798912e+07 2.3610863825e+07 1.3927325280e+05 1.3927325280e+05 4.5571122383e-18 -2.9064515372e+05 
7.6800000000e-03 1.7000000000e+01 0.0000000000e+00 0.0000000000e+00 0.0000000000e+00 1.7000000000e+01 6.7631097725e-01 2.7920469907e+01 2.2549506107e+01 4.0925309665e+05 2.0075791216e+01 -8.5560282198e-01 1.6570964386e+07 0.0000000000e+00 -8.6088701271e-02 -2.0559784208e-02 -1.2035090602e+00 -1.2350905995e-01 1.7000000000e+01 -2.2189316933e+07 8.5288149112e+04 -3.0065150596e+05 3.0000000000e+02 9.5812160733e+01 7.7110293994e+01 4.6490340463e+01 3.8684880498e+01 1.7000000000e+01 7.4769055023e-15 1.6570964386e+07 8.3159046088e-01 1.6570964386e+07 -5.7001618473e+06 3.5899891712e-15 -5.7001618473e+06 1.5025569052e+07 -6.3918165476e-15 1.5025569052e+07 5.7369072546e+01 3.6153754193e+01 1.0000000000e-07 1.0000000000e-07 -5.7001618473e+06 1.5025569052e+07 1.3777879521e+05 1.3777879521e+05 4.3714393939e-18 -2.2253639360e+05 
8.0000000000e-03 1.7000000000e+01 0.0000000000e+00 0.0000000000e+00 0.0000000000e+00 1.7000000000e+01 6.7278022190e-01 2.6950080863e+01 2.2339609952e+01 4.3360130989e+05 2.0076615904e+01 -8.1425784436e-01 4.6509225487e+06 0.0000000000e+00 -8.2508855138e-02 -1.9490152371e-02 -1.1999783057e+00 -1.1997830473e-01 1.7000000000e+01 -2.2909246743e+07 9.3259554691e+04 -3.6132821645e+05 3.0000000000e+02 8.2535605465e+01 6.6538862418e+01 4.3626040988e+01 3.6013527946e+01 1.7000000000e+01 7.5078661545e-15 4.6509225487e+06 7.7170347803e-01 4.6509225487e+06 3.5362171235e+06 3.5293997277e-15 3.5362171235e+06 -1.4951128371e+06 -6.4474042360e-15 -1.4951128371e+06 1.0085246619e+02 4.5610203429e+01 1.0000000000e-07 1.0000000000e-07 3.5362171235e+06 -1.4951128371e+06 1.3138850688e+05 1.3138850688e+05 3.5107088838e-18 -1.5714995500e+05 
8.1800000000e-03 1.7000000000e+01 0.0000000000e+00 0.0000000000e+00 0.0000000000e+00 1.7000000000e+01 6.6995535969e-01 2.7584430784e+01 2.2709396094e+01 4.3283306765e+05 2.0069006971e+01 -7.7158105791e-01 9.5342219400e+06 0.0000000000e+00 -8.0136926430e-02 -1.9205691601e-02 -1.1971534422e+00 -1.1715344247e-01 1.7000000000e+01 -2.3270949932e+07 1.0243813247e+05 -3.7561735384e+05 3.0000000000e+02 7.9732803879e+01 5.7106566229e+01 4.2734773475e+01 3.3796977111e+01 1.7000000000e+01 7.4564846249e-15 9.5342219400e+06 7.3719630847e-01 9.5342219400e+06 6.4539566040e+06 3.3461857517e-15 6.4539566040e+06 -5.7214292444e+06 -6.5361069010e-15 -5.7214292444e+06 1.0871777538e+02 5.0071112507e+01 1.0000000000e-07 1.0000000000e-07 6.4539566040e+06 -5.7214292444e+06 1.3126752335e+05 1.3126752335e+05 3.3570879665e-18 -1.2711238782e+05 
8.5000000000e-03 1.7000000000e+01 0.0000000000e+00 0.0000000000e+00 0.0000000000e+00 1.7000000000e+01 6.6761859660e-01 2.8737494779e+01 2.3399231320e+01 4.6397896096e+05 2.0073666951e+01 -7.4397898758e-01 1.5285123974e+07 0.0000000000e+00 -7.7522770858e-02 -1.8511984253e-02 -1.1948166776e+00 -1.1481667937e-01 1.7000000000e+01 -2.3485079677e+07 1.0797423699e+05 -4.1605959260e+05 3.0000000000e+02 7.3482344632e+01 5.2477801176e+01 4.0773614720e+01 3.1998011124e+01 1.7000000000e+01 6.8290101734e-15 1.5285123974e+07 6.4943108094e-01 1.5285123974e+07 6.7456606202e+06 3.0856161651e-15 6.7456606202e+06 -1.3608168111e+07 -5.9641055038e-15 -1.3608168111e+07 1.3826953609e+02 5.4001107724e+01 1.0000000000e-07 1.0000000000e-07 6.7456606202e+06 -1.3608168111e+07 1.2801729508e+05 1.2801729508e+05 2.8537465735e-18 -1.0323265574e+05 
8.6800000000e-03 1.7000000000e+01 0.0000000000e+00 0.0000000000e+00 0.0000000000e+00 1.7000000000e+01 6.6538562562e-01 2.8479060514e+01 2.2973273490e+01 4.7263843317e+05 2.0071641607e+01 -7.0960271821e-01 1.9100829459e+07 0.0000000000e+00 -7.5410361560e-02 -1.8325313661e-02 -1.1925837077e+00 -1.1258370838e-01 1.7000000000e+01 -2.3291610765e+07 1.1513732674e+05 -4.2731374845e+05 3.0000000000e+02 7.1839722059e+01 4.7393786446e+01 4.0033121833e+01 3.0390024848e+01 1.7000000000e+01 6.4921783616e-15 1.9100829459e+07 6.0954189251e-01 1.9100829459e+07 8.9951373111e+06 2.7917197061e-15 8.9951373111e+06 -1.6677402855e+07 -5.7679001848e-15 -1.6677402855e+07 1.4416495838e+02 5.6756532215e+01 1.0000000000e-07 1.0000000000e-07 8.9951373111e+06 -1.6677402855e+07 1.2837071238e+05 1.2837071238e+05 2.6998043603e-18 -9.1394784640e+04 
9.0000000000e-03 1.7000000000e+01 0.0000000000e+00 0.0000000000e+00 0.0000000000e+00 1.7000000000e+01 6.6349441247e-01 2.7997317766e+01 2.2213493309e+01 5.0161395534e+05 2.0078773224e+01 -6.8611916032e-01 2.4381898566e+07 0.0000000000e+00 -7.3094627877e-02 -1.7831995450e-02 -1.1906924973e+00 -1.1069249506e-01 1.7000000000e+01 -2.3115826159e+07 1.1944358308e+05 -4.5882645094e+05 3.0000000000e+02 6.8038681383e+01 4.4853605528e+01 3.8469678004e+01 2.9090784543e+01 1.7000000000e+01 5.7830434305e-15 2.4381898566e+07 5.1000593402e-01 2.4381898566e+07 8.5648829269e+06 2.5281048982e-15 8.5648829269e+06 -2.2405745451e+07 -5.1095826553e-15 -2.2405745451e+07 1.5461137367e+02 5.7868075512e+01 1.0000000000e-07 1.0000000000e-07 8.5648829269e+06 -2.2405745451e+07 1.2415307298e+05 1.2415307298e+05 2.3479553902e-18 -8.2483800426e+04 
9.1800000000e-03 1.7000000000e+01 0.0000000000e+00 0.0000000000e+00 0.0000000000e+00 1.7000000000e+01 6.6133472950e-01 2.7112515653e+01 2.1656049097e+01 5.1300216791e+05 2.0080708153e+01 -6.5214643732e-01 2.8274660184e+07 0.0000000000e+00 -7.0819765295e-02 -1.7694591125e-02 -1.1885328153e+00 -1.0853281208e-01 1.7000000000e+01 -2.2415124186e+07 1.2585800861e+05 -4.6880399053e+05 3.0000000000e+02 6.6901223230e+01 4.1886882636e+01 3.7849394252e+01 2.7958110129e+01 1.7000000000e+01 5.3518940638e-15 2.8274660184e+07 4.7095837998e-01 2.8274660184e+07 1.1004085674e+07 2.2447674964e-15 1.1004085674e+07 -2.5428330825e+07 -4.7869372834e-15 -2.5428330825e+07 1.5547483896e+02 5.8151795157e+01 1.0000000000e-07 1.0000000000e-07 1.1004085674e+07 -2.5428330825e+07 1.2474975266e+05 1.2474975266e+05 2.1954337991e-18 -8.1018027038e+04 
9.5000000000e-03 1.7000000000e+01 0.0000000000e+00 0.0000000000e+00 0.0000000000e+00 1.7000000000e+01 6.5953177401e-01 2.5483118452e+01 2.0646220826e+01 5.4235881609e+05 2.0089342381e+01 -6.2796403580e-01 3.4451203949e+07 0.0000000000e+00 -6.8502844097e-02 -1.7331130329e-02 -1.1867298585e+00 -1.0672985683e-01 1.7000000000e+01 -2.1859558224e+07 1.2950234345e+05 -4.9863737488e+05 3.0000000000e+02 6.3989030819e+01 4.0257485434e+01 3.6484111340e+01 2.6948281859e+01 1.7000000000e+01 4.7184615255e-15 3.4451203949e+07 3.7612425763e-01 3.4451203949e+07 1.2272811027e+07 2.0203639583e-15 1.2272811027e+07 -3.1456028848e+07 -4.1943870765e-15 -3.1456028848e+07 1.5472376783e+02 5.7444441397e+01 1.0000000000e-07 1.0000000000e-07 1.2272811027e+07 -3.1456028848e+07 1.1849821689e+05 1.1849821689e+05 1.9330658214e-18 -7.9252824787e+04 
9.6800000000e-03 1.7000000000e+01 0.0000000000e+00 0.0000000000e+00 0.0000000000e+00 1.7000000000e+01 6.5705253433e-01 2.4921375912e+01 2.0231343924e+01 5.5528217145e+05 2.0096003381e+01 -5.8812107826e-01 3.9097552933e+07 0.0000000000e+00 -6.5627098166e-02 -1.7223604065e-02 -1.1842506191e+00 -1.0425061716e-01 1.7000000000e+01 -2.0440618665e+07 1.3558856588e+05 -5.0782754415e+05 3.0000000000e+02 6.3195882100e+01 3.8908892279e+01 3.5980673510e+01 2.6292408281e+01 1.7000000000e+01 4.1803988480e-15 3.9097552933e+07 3.4303556420e-01 3.9097552933e+07 1.5368701840e+07 1.7387084623e-15 1.5368701840e+07 -3.4912583295e+07 -3.7419944682e-15 -3.4912583295e+07 1.5088861788e+02 5.5642114497e+01 1.0000000000e-07 1.0000000000e-07 1.5368701840e+07 -3.4912583295e+07 1.1935686301e+05 1.1935686301e+05 1.7921881213e-18 -8.5643926314e+04 
1.0000000000e-02 1.7000000000e+01 0.0000000000e+00 0.0000000000e+00 0.0000000000e+00 1.7000000000e+01 6.5496980852e-01 2.3890597290e+01 1.9467235085e+01 5.8758771164e+05 2.0105546130e+01 -5.5780711839e-01 4.7881532351e+07 0.0000000000e+00 -6.2976325475e-02 -1.6945363397e-02 -1.1821678930e+00 -1.0216789099e-01 1.7000000000e+01 -1.9388699978e+07 1.3866205269e+05 -5.3960229781e+05 3.0000000000e+02 6.0327829750e+01 3.7878113657e+01 3.4635543179e+01 2.5528299441e+01 1.7000000000e+01 3.5822251190e-15 4.7881532351e+07 2.6913137042e-01 4.7881532351e+07 2.0473634457e+07 1.5411853913e-15 2.0473634457e+07 -4.2584572450e+07 -3.1771256563e-15 -4.2584572450e+07 1.3504780029e+02 5.2680088360e+01 1.0000000000e-07 1.0000000000e-07 2.0473634457e+07 -4.2584572450e+07 1.1023026605e+05 1.1023026605e+05 1.5922908516e-18 -9.1239275745e+04 
1.0180000000e-02 1.7000000000e+01 0.0000000000e+00 0.0000000000e+00 0.0000000000e+00 1.7000000000e+01 6.5180325603e-01 2.3855458567e+01 1.9351316369e+01 5.9876832579e+05 2.0119746542e+01 -5.0604970832e-01 5.2957950202e+07 0.0000000000e+00 -5.8964471625e-02 -1.6859750495e-02 -1.1790013381e+00 -9.9001338500e-02 1.7000000000e+01 -1.6769204175e+07 1.4251063879e+05 -5.4493339202e+05 3.0000000000e+02 6.0173923923e+01 3.8837117471e+01 3.4413511861e+01 2.5680769718e+01 1.7000000000e+01 2.6865804406e-15 5.2957950202e+07 2.4555780829e-01 5.2957950202e+07 2.4075441916e+07 1.1170669909e-15 2.4075441916e+07 -4.6168616013e+07 -2.3908422139e-15 -4.6168616013e+07 1.2951313394e+02 4.9779328454e+01 1.0000000000e-07 1.0000000000e-07 2.4075441916e+07 -4.6168616013e+07 1.1167589716e+05 1.1167589716e+05 1.4945254376e-18 -1.0498547516e+05 
1.0500000000e-02 1.7000000000e+01 0.0000000000e+00 0.0000000000e+00 0.0000000000e+00 1.7000000000e+01 6.4815202694e-01 2.3794558171e+01 1.9113628753e+01 6.2656318795e+05 2.0127729747e+01 -4.4879224129e-01 6.8508637931e+07 0.0000000000e+00 -5.4838029901e-02 -1.6616860305e-02 -1.1753501074e+00 -9.5350109518e-02 1.7000000000e+01 -1.5052027645e+07 1.4491526028e+05 -5.6923470491e+05 3.0000000000e+02 5.6200854807e+01 3.8776217074e+01 3.2894784763e+01 2.5443082103e+01 1.7000000000e+01 1.8628959563e-15 6.8508637931e+07 2.0764890028e-01 6.8508637931e+07 3.9550444855e+07 8.8327332761e-16 3.9550444855e+07 -5.5516799874e+07 -1.5985941794e-15 -5.5516799874e+07 7.9899174369e+01 4.1701373505e+01 1.0000000000e-07 1.0000000000e-07 3.9550444855e+07 -5.5516799874e+07 1.0040416705e+05 1.0040416705e+05 1.3592945845e-18 -1.3635556702e+05 
1.0680000000e-02 1.7000000000e+01 0.0000000000e+00 0.0000000000e+00 0.0000000000e+00 1.7000000000e+01 6.4422766665e-01 2.4960313204e+01 1.9649923616e+01 6.0960565987e+05 2.0152041910e+01 -3.8395183392e-01 6.7181832405e+07 0.0000000000e+00 -4.9466450646e-02 -1.6552225131e-02 -1.1714257480e+00 -9.1425749223e-02 1.7000000000e+01 -1.0745578479e+07 1.3203547204e+05 -5.4819100828e+05 3.0000000000e+02 5.8603429522e+01 4.5481775555e+01 3.3950897389e+01 2.7969967861e+01 1.7000000000e+01 2.5357066846e-15 6.7181832405e+07 1.7885994597e-01 6.7181832405e+07 3.9262835985e+07 -2.6376956480e-16 3.9262835985e+07 -5.4072878442e+07 3.7925081781e-16 -5.4072878442e+07 7.6198904779e+01 3.8956175986e+01 1.0000000000e-07 1.0000000000e-07 3.9262835985e+07 -5.4072878442e+07 1.0452335559e+05 1.0452335559e+05 1.4803081056e-18 -1.5151182105e+05 
1.1000000000e-02 1.7000000000e+01 0.0000000000e+00 0.0000000000e+00 0.0000000000e+00 1.7000000000e+01 6.3170370402e-01 2.7079952423e+01 2.0590058381e+01 6.1053654362e+05 2.0146504420e+01 -1.7809476752e-01 9.1208985862e+07 0.0000000000e+00 -3.7272115692e-02 -1.6282221425e-02 -1.1589017863e+00 -7.8901786706e-02 1.7000000000e+01 -8.1522245505e+06 1.3277300388e+05 -4.7562631621e+05 3.0000000000e+02 5.5302719431e+01 4.9222046760e+01 3.2801207854e+01 3.0060616631e+01 1.7000000000e+01 2.8267402275e-15 9.1208985862e+07 1.7255510388e-01 9.1208985862e+07 7.1192767800e+07 -8.8546036205e-16 7.1192767800e+07 -5.4517935212e+07 2.6469203078e-15 -5.4517935212e+07 3.6252205072e+01 2.5604739014e+01 1.0000000000e-07 1.0000000000e-07 7.1192767800e+07 -5.4517935212e+07 1.0445356081e+05 1.0445356081e+05 1.5395091868e-18 -3.2896644096e+05 
1.1180000000e-02 1.7000000000e+01 0.0000000000e+00 0.0000000000e+00 0.0000000000e+00 1.7000000000e+01 6.2962142080e-01 3.4252012201e+01 2.5140861647e+01 5.3692703195e+05 2.0164373672e+01 -1.4366989287e-01 7.8611412150e+07 0.0000000000e+00 -3.4126137725e-02 -1.6249131887e-02 -1.1568195022e+00 -7.6819503492e-02 1.7000000000e+01 -5.2503632923e+06 9.7902237654e+04 -4.2490075592e+05 3.0000000000e+02 6.3435198035e+01 6.6169807987e+01 3.6940210551e+01 3.6740805923e+01 1.7000000000e+01 8.4427948235e-15 7.8611412150e+07 1.6711255151e-01 7.8611412150e+07 5.1591958233e+07 -4.1817477606e-15 5.1591958233e+07 -3.1835742671e+07 7.1647377017e-15 -3.1835742671e+07 5.2627677832e+01 3.1199707486e+01 1.0000000000e-07 1.0000000000e-07 5.1591958233e+07 -3.1835742671e+07 1.1360776294e+05 1.1360776294e+05 2.3376536391e-18 -2.9212481782e+05 
1.1500000000e-02 1.7000000000e+01 0.0000000000e+00 0.0000000000e+00 0.0000000000e+00 1.7000000000e+01 6.1330236787e-01 3.8945789335e+01 2.7695210952e+01 4.8909431924e+05 2.0153745395e+01 1.2791372856e-01 2.4134556647e+07 0.0000000000e+00 -1.8439749360e-02 -1.6096512342e-02 -1.1405004524e+00 -6.0500450453e-02 1.7000000000e+01 -2.0516939740e+06 6.4745938132e+04 -2.6682518427e+05 3.0000000000e+02 1.3536974746e+02 7.7774388535e+01 5.0312250585e+01 4.4030550416e+01 1.7000000000e+01 1.6399835191e-14 2.4134556647e+07 1.4856656228e-01 2.4134556647e+07 -1.8780497727e+07 -7.4375587186e-15 -1.8780497727e+07 1.4665160314e+07 1.4451771758e-14 1.4665160314e+07 6.3392113810e+01 3.3139026151e+01 1.0000000000e-07 1.0000000000e-07 -1.8780497727e+07 1.4665160314e+07 1.3259308855e+05 1.3259308855e+05 3.0133863273e-18 -3.6802686894e+05 
1.1680000000e-02 1.7000000000e+01 0.0000000000e+00 0.0000000000e+00 0.0000000000e+00 1.7000000000e+01 6.1756864638e-01 2.7990876129e+01 1.9522683815e+01 6.3856880856e+05 2.0294415469e+01 5.4814546301e-02 4.6188238159e+07 0.0000000000e+00 -1.4332425067e-02 -1.6011449418e-02 -1.1447667321e+00 -6.4766728978e-02 1.7000000000e+01 1.5318979650e+09 1.3692038731e+05 -3.8152754939e+05 3.0000000000e+02 1.2105402400e+02 4.8105004053e+01 4.1961941474e+01 3.0664843436e+01 1.7000000000e+01 1.3572719985e-14 4.6188238159e+07 1.9324789551e-01 4.6188238159e+07 -3.2142950712e+07 -6.0654664128e-15 -3.2142950712e+07 3.1369969342e+07 1.1945338967e-14 3.1369969342e+07 4.4701379418e+01 2.3636558153e+01 1.0000000000e-07 1.0000000000e-07 -3.2142950712e+07 3.1369969342e+07 1.1090590511e+05 1.1090590511e+05 1.6590208380e-18 -2.4105566491e+05 
1.2000000000e-02 2.0000000000e+01 0.0000000000e+00 0.0000000000e+00 2.0000000000e+01 0.0000000000e+00 6.6578520573e-01 1.4613519748e+01 9.0748754834e+00 1.0496567579e+06 2.1278354089e+01 -8.9040798615e-01 9.4672277276e+07 0.0000000000e+00 -3.9785226016e-03 -7.9621816644e-03 -1.1929832890e+00 -1.1298328835e-01 2.0000000000e+01 1.9291516358e+09 0.0000000000e+00 0.0000000000e+00 3.0000000000e+02 3.5030060281e+01 2.9291419353e+01 1.8759121054e+01 1.6648476507e+01 2.0000000000e+01 1.1580296391e-14 9.4672277276e+07 2.6303109356e-01 9.4672277276e+07 -2.0945439670e+07 -2.9514348200e-15 -2.0945439670e+07 8.6927953308e+07 1.0596903718e-14 8.6927953308e+07 2.2943503649e+01 1.2916181800e+01 1.0000000000e-07 1.0000000000e-07 -2.0945439670e+07 8.6927953308e+07 1.6371367456e+04 1.6371367456e+04 6.0367898280e-19 1.0496562404e+06 
1.2180000000e-02 2.0000000000e+01 0.0000000000e+00 0.0000000000e+00 2.0000000000e+01 0.0000000000e+00 6.6592705984e-01 1.5452956867e+01 9.9798321967e+00 1.1863089406e+06 2.1298587331e+01 -8.9394804888e-01 8.5504724908e+07 0.0000000000e+00 -2.9159618138e-03 -7.8933080906e-03 -1.1931251423e+00 -1.1312514245e-01 2.0000000000e+01 2.8575942824e+09 1.1354701856e+05 -1.7560563994e+05 3.0000000000e+02 3.5118370836e+01 2.9569678330e+01 1.9104176229e+01 1.6978999226e+01 2.0000000000e+01 1.2071227881e-14 8.5504724908e+07 2.7454034079e-01 8.5504724908e+07 -1.5134258130e+07 -3.2701766551e-15 -1.5134258130e+07 8.0151161429e+07 1.0969665176e-14 8.0151161429e+07 3.0021257116e+01 2.0907130548e+01 1.0000000000e-07 1.0000000000e-07 -1.5134258130e+07 8.0151161429e+07 1.3470768495e+04 1.3470768495e+04 4.5143602572e-19 9.6716776233e+05 
1.2500000000e-02 2.0000000000e+01 0.0000000000e+00 0.0000000000e+00 2.0000000000e+01 0.0000000000e+00 6.6602084895e-01 1.8802166113e+01 1.3029360415e+01 9.0850201600e+05 2.1308269932e+01 -8.9597604307e-01 6.3494125099e+07 0.0000000000e+00 -2.4333791956e-03 -7.8663777386e-03 -1.1932189306e+00 -1.1321893155e-01 2.0000000000e+01 3.1692778226e+09 1.2817742482e+05 -8.6195591495e+05 3.0000000000e+02 4.1368800445e+01 2.9823680495e+01 2.4627594794e+01 1.7711176849e+01 2.0000000000e+01 1.2659205634e-14 6.3494125099e+07 3.0658887115e-01 6.3494125099e+07 -1.4965611422e+07 -3.3561752926e-15 -1.4965611422e+07 5.8126856971e+07 1.1540130368e-14 5.8126856971e+07 5.5921720235e+01 3.6653243286e+01 1.0000000000e-07 1.0000000000e-07 -1.4965611422e+07 5.8126856971e+07 5.1428912064e+02 5.1428912064e+02 1.8049703613e-19 4.7128652234e+03 
1.2680000000e-02 2.0000000000e+01 0.0000000000e+00 0.0000000000e+00 2.0000000000e+01 0.0000000000e+00 6.6565708719e-01 1.8792875020e+01 1.3021603732e+01 9.1046092009e+05 2.1312009484e+01 -8.9087498350e-01 5.6343171753e+07 0.0000000000e+00 -1.8470148126e-03 -7.8062644312e-03 -1.1928551704e+00 -1.1285516980e-01 2.0000000000e+01 3.6480966203e+09 1.2914699382e+05 -8.6341311280e+05 3.0000000000e+02 4.1339294078e+01 2.9797543831e+01 2.4603619725e+01 1.7686242260e+01 2.0000000000e+01 1.2841700222e-14 5.6343171753e+07 3.1373037116e-01 5.6343171753e+07 -1.0460270265e+07 -3.4579547734e-15 -1.0460270265e+07 5.2778968407e+07 1.1694003396e-14 5.2778968407e+07 5.5787330037e+01 3.5823379389e+01 1.0000000000e-07 1.0000000000e-07 -1.0460270265e+07 5.2778968407e+07 3.5563921432e+02 3.5563921432e+02 1.6217626542e-19 -5.3994495762e+03 
1.3000000000e-02 2.0000000000e+01 0.0000000000e+00 0.0000000000e+00 2.0000000000e+01 0.0000000000e+00 6.6549729610e-01 1.8775519180e+01 1.2995689469e+01 9.1670738808e+05 2.1314044416e+01 -8.8859616838e-01 4.1157781534e+07 0.0000000000e+00 -1.5660913100e-03 -7.7821232979e-03 -1.1926953791e+00 -1.1269537872e-01 2.0000000000e+01 3.8286945732e+09 1.2932249592e+05 -8.6962913149e+05 3.0000000000e+02 4.1270131790e+01 2.9780187991e+01 2.4529404545e+01 1.7660327997e+01 2.0000000000e+01 1.2854139973e-14 4.1157781534e+07 3.3137805549e-01 4.1157781534e+07 -1.0077858676e+07 -3.5108060540e-15 -1.0077858676e+07 3.7627443480e+07 1.1695098815e-14 3.7627443480e+07 5.5667110789e+01 3.5438555618e+01 1.0000000000e-07 1.0000000000e-07 -1.0077858676e+07 3.7627443480e+07 3.1018067183e+02 3.1018067183e+02 1.5412700224e-19 -1.0471057181e+04 
1.3180000000e-02 2.0000000000e+01 0.0000000000e+00 0.0000000000e+00 2.0000000000e+01 0.0000000000e+00 6.6518864631e-01 1.8736017885e+01 1.2964211085e+01 9.1870395551e+05 2.1314814449e+01 -8.8423557812e-01 3.6440817786e+07 0.0000000000e+00 -1.2116041066e-03 -7.7330443679e-03 -1.1923867295e+00 -1.1238672893e-01 2.0000000000e+01 4.0980391605e+09 1.3040184999e+05 -8.7123728972e+05 3.0000000000e+02 4.1234023332e+01 2.9694128717e+01 2.4496710213e+01 1.7590291831e+01 2.0000000000e+01 1.2924821798e-14 3.6440817786e+07 3.3581127433e-01 3.6440817786e+07 -7.1306955240e+06 -3.5457959167e-15 -7.1306955240e+06 3.4067737831e+07 1.1759287479e-14 3.4067737831e+07 5.5706715930e+01 3.5612677550e+01 1.0000000000e-07 1.0000000000e-07 -7.1306955240e+06 3.4067737831e+07 2.2116178103e+02 2.2116178103e+02 1.3889060904e-19 -9.3688175292e+03 
1.3500000000e-02 2.0000000000e+01 0.0000000000e+00 0.0000000000e+00 2.0000000000e+01 0.0000000000e+00 6.6503822683e-01 1.8663380156e+01 1.2909348490e+01 9.2426929108e+05 2.1315266361e+01 -8.8204701783e-01 2.7137030318e+07 0.0000000000e+00 -1.0342838676e-03 -7.7129023170e-03 -1.1922363104e+00 -1.1223630945e-01 2.0000000000e+01 4.2069732966e+09 1.3083439747e+05 -8.7679966980e+05 3.0000000000e+02 4.1154700105e+01 2.9621490989e+01 2.4412019778e+01 1.7535429237e+01 2.0000000000e+01 1.2898793764e-14 2.7137030318e+07 3.4621018903e-01 2.7137030318e+07 -6.7936188655e+06 -3.5678428545e-15 -6.7936188655e+06 2.4803051861e+07 1.1728235610e-14 2.4803051861e+07 5.5657729836e+01 3.5595728615e+01 1.0000000000e-07 1.0000000000e-07 -6.7936188655e+06 2.4803051861e+07 1.9283739318e+02 1.9283739318e+02 1.3154874370e-19 -9.1813748936e+03 
1.3680000000e-02 2.0000000000e+01 0.0000000000e+00 0.0000000000e+00 2.0000000000e+01 0.0000000000e+00 6.6482713448e-01 1.8623978441e+01 1.2880827014e+01 9.2579231452e+05 2.1315459595e+01 -8.7916840529e-01 2.4057267688e+07 0.0000000000e+00 -8.1168895129e-04 -7.6731638168e-03 -1.1920252179e+00 -1.1202521710e-01 2.0000000000e+01 4.3673399653e+09 1.3167020959e+05 -8.7804799907e+05 3.0000000000e+02 4.1125663372e+01 2.9536916420e+01 2.4384924652e+01 1.7471597158e+01 2.0000000000e+01 1.2931295959e-14 2.4057267688e+07 3.4898034673e-01 2.4057267688e+07 -4.8853715688e+06 -3.5792854908e-15 -4.8853715688e+06 2.2460346625e+07 1.1761215607e-14 2.2460346625e+07 5.5717710743e+01 3.5948316028e+01 1.0000000000e-07 1.0000000000e-07 -4.8853715688e+06 2.2460346625e+07 1.4069046305e+02 1.4069046305e+02 1.1806232091e-19 -7.2302399537e+03 
1.4000000000e-02 2.0000000000e+01 0.0000000000e+00 0.0000000000e+00 2.0000000000e+01 0.0000000000e+00 6.6471881289e-01 1.8551566023e+01 1.2833240833e+01 9.2969761361e+05 2.1315568907e+01 -8.7762425353e-01 1.8282370817e+07 0.0000000000e+00 -6.9686039882e-04 -7.6567602246e-03 -1.1919168969e+00 -1.1191689550e-01 2.0000000000e+01 4.4356248946e+09 1.3207015141e+05 -8.8196360459e+05 3.0000000000e+02 4.1063247419e+01 2.9464504002e+01 2.4318746406e+01 1.7424010977e+01 2.0000000000e+01 1.2902772325e-14 1.8282370817e+07 3.5533273614e-01 1.8282370817e+07 -4.6325422711e+06 -3.5899386803e-15 -4.6325422711e+06 1.6717889167e+07 1.1730461628e-14 1.6717889167e+07 5.5713141015e+01 3.6108657144e+01 1.0000000000e-07 1.0000000000e-07 -4.6325422711e+06 1.6717889167e+07 1.2276041602e+02 1.2276041602e+02 1.1108735317e-19 -6.3882933511e+03 
1.4180000000e-02 2.0000000000e+01 0.0000000000e+00 0.0000000000e+00 2.0000000000e+01 0.0000000000e+00 6.6457995107e-01 1.8519704402e+01 1.2810474954e+01 9.3078607912e+05 2.1315635479e+01 -8.7582911794e-01 1.6253421252e+07 0.0000000000e+00 -5.5403573353e-04 -7.6247565840e-03 -1.1917780338e+00 -1.1177803369e-01 2.0000000000e+01 4.5331343083e+09 1.3266056241e+05 -8.8285242153e+05 3.0000000000e+02 4.1042231850e+01 2.9396512727e+01 2.4298605950e+01 1.7374046964e+01 2.0000000000e+01 1.2919639850e-14 1.6253421252e+07 3.5706856823e-01 1.6253421252e+07 -3.3866115039e+06 -3.5926874490e-15 -3.3866115039e+06 1.5162874130e+07 1.1749808011e-14 1.5162874130e+07 5.5744915574e+01 3.6386137700e+01 1.0000000000e-07 1.0000000000e-07 -3.3866115039e+06 1.5162874130e+07 9.0955039648e+01 9.0955039648e+01 9.8740659885e-20 -4.9436729398e+03 
1.4500000000e-02 2.0000000000e+01 0.0000000000e+00 0.0000000000e+00 2.0000000000e+01 0.0000000000e+00 6.6450652801e-01 1.8461157006e+01 1.2772590148e+01 9.3340549055e+05 2.1315666709e+01 -8.7481787065e-01 1.2584781583e+07 0.0000000000e+00 -4.7875365279e-04 -7.6115295890e-03 -1.1917046107e+00 -1.1170461063e-01 2.0000000000e+01 4.5765504952e+09 1.3296506700e+05 -8.8547612335e+05 3.0000000000e+02 4.0997574278e+01 2.9337965332e+01 2.4251046202e+01 1.7336162158e+01 2.0000000000e+01 1.2894044199e-14 1.2584781583e+07 3.6101843445e-01 1.2584781583e+07 -3.2069868736e+06 -3.5985671431e-15 -3.2069868736e+06 1.1518388452e+07 1.1723168494e-14 1.1518388452e+07 5.5741492709e+01 3.6540524836e+01 1.0000000000e-07 1.0000000000e-07 -3.2069868736e+06 1.1518388452e+07 7.9380066361e+01 7.9380066361e+01 9.2088867274e-20 -4.2456976755e+03 
1.4680000000e-02 2.0000000000e+01 0.0000000000e+00 0.0000000000e+00 2.0000000000e+01 0.0000000000e+00 6.6441593424e-01 1.8437522035e+01 1.2755723413e+01 9.3415637411e+05 2.1315697945e+01 -8.7372072739e-01 1.1244295014e+07 0.0000000000e+00 -3.8630056251e-04 -7.5862449607e-03 -1.1916140174e+00 -1.1161401683e-01 2.0000000000e+01 4.6358830835e+09 1.3336733498e+05 -8.8608784664e+05 3.0000000000e+02 4.0983048945e+01 2.9287599565e+01 2.4236913740e+01 1.7299679499e+01 2.0000000000e+01 1.2903419650e-14 1.1244295014e+07 3.6209864955e-01 1.1244295014e+07 -2.3913309864e+06 -3.5978559140e-15 -2.3913309864e+06 1.0483844895e+07 1.1735441864e-14 1.0483844895e+07 5.5756774676e+01 3.6734930672e+01 1.0000000000e-07 1.0000000000e-07 -2.3913309864e+06 1.0483844895e+07 5.9256370814e+01 5.9256370814e+01 8.0525101875e-20 -3.2803360712e+03 
1.5000000000e-02 2.0000000000e+01 0.0000000000e+00 0.0000000000e+00 2.0000000000e+01 0.0000000000e+00 6.6436715909e-01 1.8394096574e+01 1.2727630985e+01 9.3588873161e+05 2.1315709286e+01 -8.7307692722e-01 8.8835377063e+06 0.0000000000e+00 -3.3685030708e-04 -7.5757930147e-03 -1.1915652412e+00 -1.1156524169e-01 2.0000000000e+01 4.6634048843e+09 1.3358269733e+05 -8.8782066807e+05 3.0000000000e+02 4.0952383332e+01 2.9244174103e+01 2.4204164474e+01 1.7271587070e+01 2.0000000000e+01 1.2882169244e-14 8.8835377063e+06 3.6456681086e-01 8.8835377063e+06 -2.2675674395e+06 -3.6012714198e-15 -2.2675674395e+06 8.1400861988e+06 1.1713729077e-14 8.1400861988e+06 5.5752656519e+01 3.6855305705e+01 1.0000000000e-07 1.0000000000e-07 -2.2675674395e+06 8.1400861988e+06 5.1627110343e+01 5.1627110343e+01 7.4135821816e-20 -2.7873785585e+03 
1.5180000000e-02 2.0000000000e+01 0.0000000000e+00 0.0000000000e+00 2.0000000000e+01 0.0000000000e+00 6.6430882657e-01 1.8377540312e+01 1.2715829450e+01 9.3639058311e+05 2.1315726691e+01 -8.7241929921e-01 8.0089744910e+06 0.0000000000e+00 -2.7748172595e-04 -7.5566068279e-03 -1.1915069090e+00 -1.1150690919e-01 2.0000000000e+01 4.6989868701e+09 1.3384885549e+05 -8.8822953555e+05 3.0000000000e+02 4.0942693479e+01 2.9208868772e+01 2.4194655960e+01 1.7246262346e+01 2.0000000000e+01 1.2887513866e-14 8.0089744910e+06 3.6522109461e-01 8.0089744910e+06 -1.7399534565e+06 -3.5992058190e-15 -1.7399534565e+06 7.4610110868e+06 1.1721830576e-14 7.4610110868e+06 5.5760416690e+01 3.6990290003e+01 1.0000000000e-07 1.0000000000e-07 -1.7399534565e+06 7.4610110868e+06 3.8408437056e+01 3.8408437056e+01 6.3126709736e-20 -2.1421527205e+03 
1.5500000000e-02 2.0000000000e+01 0.0000000000e+00 0.0000000000e+00 2.0000000000e+01 0.0000000000e+00 6.6427707100e-01 1.8347126584e+01 1.2696233081e+01 9.3751646022e+05 2.1315731840e+01 -8.7201907892e-01 6.4975731542e+06 0.0000000000e+00 -2.4541964404e-04 -7.5486749927e-03 -1.1914751540e+00 -1.1147515363e-01 2.0000000000e+01 4.7161291173e+09 1.3399421006e+05 -8.8935458560e+05 3.0000000000e+02 4.0922314772e+01 2.9178455044e+01 2.4172862872e+01 1.7226665976e+01 2.0000000000e+01 1.2871036963e-14 6.4975731542e+06 3.6674761090e-01 6.4975731542e+06 -1.6573405334e+06 -3.6010738078e-15 -1.6573405334e+06 5.9610463923e+06 1.1705225869e-14 5.9610463923e+06 5.5757272132e+01 3.7080210372e+01 1.0000000000e-07 1.0000000000e-07 -1.6573405334e+06 5.9610463923e+06 3.3249730669e+01 3.3249730669e+01 5.6944683241e-20 -1.8017602181e+03 
1.5680000000e-02 2.0000000000e+01 0.0000000000e+00 0.0000000000e+00 2.0000000000e+01 0.0000000000e+00 6.6424106676e-01 1.8336323526e+01 1.2688546113e+01 9.3783392852e+05 2.1315741913e+01 -8.7164043701e-01 5.9519977267e+06 0.0000000000e+00 -2.0881581385e-04 -7.5352100234e-03 -1.1914391490e+00 -1.1143914937e-01 2.0000000000e+01 4.7366395579e+09 1.3416130798e+05 -8.8961353696e+05 3.0000000000e+02 4.0916203545e+01 2.9155388131e+01 2.4166835300e+01 1.7210233382e+01 2.0000000000e+01 1.2874224327e-14 5.9519977267e+06 3.6711451723e-01 5.9519977267e+06 -1.3305586989e+06 -3.5985691945e-15 -1.3305586989e+06 5.5353492893e+06 1.1710859724e-14 5.5353492893e+06 5.5761705758e+01 3.7176849055e+01 1.0000000000e-07 1.0000000000e-07 -1.3305586989e+06 5.5353492893e+06 2.4157666001e+01 2.4157666001e+01 4.6317873919e-20 -1.3551956546e+03 
1.6000000000e-02 2.0000000000e+01 0.0000000000e+00 0.0000000000e+00 2.0000000000e+01 0.0000000000e+00 6.6422133450e-01 1.8316486051e+01 1.2675945399e+01 9.3853315162e+05 2.1315744537e+01 -8.7140250735e-01 5.0213619025e+06 0.0000000000e+00 -1.8892731126e-04 -7.5296408721e-03 -1.1914194163e+00 -1.1141941711e-01 2.0000000000e+01 4.7468572370e+09 1.3425354688e+05 -8.9031180852e+05 3.0000000000e+02 4.0903380170e+01 2.9135550656e+01 2.4153111046e+01 1.7197632668e+01 2.0000000000e+01 1.2862917109e-14 5.0213619025e+06 3.6802124228e-01 5.0213619025e+06 -1.2784101314e+06 -3.5992504212e-15 -1.2784101314e+06 4.6119429663e+06 1.1699676330e-14 4.6119429663e+06 5.5760306472e+01 3.7245083814e+01 1.0000000000e-07 1.0000000000e-07 -1.2784101314e+06 4.6119429663e+06 2.0537014241e+01 2.0537014241e+01 4.0289719196e-20 -1.1147302819e+03 
1.6180000000e-02 2.0000000000e+01 0.0000000000e+00 0.0000000000e+00 2.0000000000e+01 0.0000000000e+00 6.6420178042e-01 1.8310414411e+01 1.2671634150e+01 9.3870817401e+05 2.1315749841e+01 -8.7120757992e-01 4.7229079308e+06 0.0000000000e+00 -1.6905755514e-04 -7.5216900974e-03 -1.1913998615e+00 -1.1139986304e-01 2.0000000000e+01 4.7574251533e+09 1.3434521159e+05 -8.9045477244e+05 3.0000000000e+02 4.0900019972e+01 2.9122571108e+01 2.4149787232e+01 1.7188429161e+01 2.0000000000e+01 1.2865195403e-14 4.7229079308e+06 3.6818196164e-01 4.7229079308e+06 -1.1005658890e+06 -3.5963966395e-15 -1.1005658890e+06 4.3782702745e+06 1.1704300575e-14 4.3782702745e+06 5.5763300774e+01 3.7318783750e+01 1.0000000000e-07 1.0000000000e-07 -1.1005658890e+06 4.3782702745e+06 1.3856276033e+01 1.3856276033e+01 2.9877062807e-20 -7.8572660467e+02 
1.6500000000e-02 2.0000000000e+01 0.0000000000e+00 0.0000000000e+00 2.0000000000e+01 0.0000000000e+00 6.6419102276e-01 1.8299276795e+01 1.2664869387e+01 9.3908935899e+05 2.1315751126e+01 -8.7108222641e-01 4.2179730823e+06 0.0000000000e+00 -1.5822340273e-04 -7.5183943112e-03 -1.1913891045e+00 -1.1138910538e-01 2.0000000000e+01 4.7628183188e+09 1.3439609000e+05 -8.9083530707e+05 3.0000000000e+02 4.0892978181e+01 2.9111433493e+01 2.4142247443e+01 1.7181664398e+01 2.0000000000e+01 1.2859615711e-14 4.2179730823e+06 3.6865758700e-01 4.2179730823e+06 -1.0718788185e+06 -3.5957977503e-15 -1.0718788185e+06 3.8773085364e+06 1.1699158410e-14 3.8773085364e+06 5.5763935346e+01 3.7373701320e+01 1.0000000000e-07 1.0000000000e-07 -1.0718788185e+06 3.8773085364e+06 1.1159449896e+01 1.1159449896e+01 2.3938596354e-20 -6.0623329787e+02 
1.6680000000e-02 2.0000000000e+01 0.0000000000e+00 0.0000000000e+00 2.0000000000e+01 0.0000000000e+00 6.6418482608e-01 1.8297322076e+01 1.2663489160e+01 9.3914514836e+05 2.1315752784e+01 -8.7102204567e-01 4.1230754707e+06 0.0000000000e+00 -1.5192802548e-04 -7.5157800094e-03 -1.1913829097e+00 -1.1138290869e-01 2.0000000000e+01 4.7660827725e+09 1.3442527401e+05 -8.9088097693e+05 3.0000000000e+02 4.0891907758e+01 2.9107251009e+01 2.4141188672e+01 1.7178711557e+01 2.0000000000e+01 1.2861629593e-14 4.1230754707e+06 3.6602237319e-01 4.1230754707e+06 -1.0154690597e+06 -3.5940624300e-15 -1.0154690597e+06 3.8028834325e+06 1.1702581375e-14 3.8028834325e+06 5.5766451474e+01 3.7435954926e+01 1.0000000000e-07 1.0000000000e-07 -1.0154690597e+06 3.8028834325e+06 5.7417774368e+00 5.7417774368e+00 1.3760468686e-20 -3.3908606561e+02 
1.7000000000e-02 2.0000000000e+01 0.0000000000e+00 0.0000000000e+00 2.0000000000e+01 0.0000000000e+00 6.6418141110e-01 1.8293757938e+01 1.2661904140e+01 9.3926611857e+05 2.1315753172e+01 -8.7098296112e-01 3.9631652432e+06 0.0000000000e+00 -1.4848994925e-04 -7.5146916088e-03 -1.1913794941e+00 -1.1137949371e-01 2.0000000000e+01 4.7677658042e+09 1.3444150977e+05 -8.9100176883e+05 3.0000000000e+02 4.0889665695e+01 2.9103686870e+01 2.4138790065e+01 1.7177126536e+01 2.0000000000e+01 1.2861835669e-14 3.9631652432e+06 3.6076862415e-01 3.9631652432e+06 -1.0063259118e+06 -3.5930781652e-15 -1.0063259118e+06 3.6442397388e+06 1.1703260854e-14 3.6442397388e+06 5.5769463385e+01 3.7484973668e+01 1.0000000000e-07 1.0000000000e-07 -1.0063259118e+06 3.6442397388e+06 3.5372010360e+00 3.5372010360e+00 7.9145288339e-21 -1.9223325957e+02 
